tree
version=v4
num_class=1
num_tree_per_iteration=1
label_index=0
max_feature_idx=29
objective=regression
feature_names=MOMO_20 MOMO_60 MOM_RATIO RSI_14 BB_POS VOL_MA_RATIO ATR_20_NORM VOLATILITY_20 BB_WIDTH HIGH_LOW_RATIO MOMO_20_rank MOMO_60_rank MOM_RATIO_rank RSI_14_rank BB_POS_rank VOL_MA_RATIO_rank ATR_20_NORM_rank VOLATILITY_20_rank BB_WIDTH_rank HIGH_LOW_RATIO_rank MOMO_20_zscore MOMO_60_zscore MOM_RATIO_zscore RSI_14_zscore BB_POS_zscore VOL_MA_RATIO_zscore ATR_20_NORM_zscore VOLATILITY_20_zscore BB_WIDTH_zscore HIGH_LOW_RATIO_zscore
feature_infos=[-0.60626538538206898:1.063036441806831] [-0.54944322028675974:1.8132693889338629] [-5:5] [1.3400319488817871:100] [-0.10000000000000001:1.1000000000000001] [0.16697814090947458:8.6866045818862858] [0.0050937525546920874:0.193393224566621] [0.0028724657468172151:0.10756644698275965] [0.011917918423184534:0.97731047496953005] [0.0043811799198863197:0.15474364530855439] [0.035714285714285712:1] [0.035714285714285712:1] [0.035714285714285712:1] [0.035714285714285712:1] [0.035714285714285712:1] [0.035714285714285712:1] [0.035714285714285712:1] [0.035714285714285712:1] [0.035714285714285712:1] [0.035714285714285712:1] [-4.0931187461179945:4.8942392414151135] [-3.562737438241657:4.851143465564947] [-4.8432448440551026:4.9098667596880903] [-3.8048616774289412:4.1622522223897063] [-4.1605288769095496:4.8759934649445658] [-2.8883489551229031:4.9909105289072242] [-2.8021304255774417:4.3779352481191323] [-2.9214665163732123:4.7862161926281717] [-2.5959109187210463:4.9531660099466883] [-2.9825861325560346:4.3258635377242634]
tree_sizes=2817 2916

Tree=0
num_leaves=31
num_cat=0
split_feature=6 27 1 6 2 11 7 20 28 28 4 4 26 7 0 7 26 1 1 11 1 2 27 26 0 3 1 20 19 28
split_gain=4.77402 2.35373 2.22083 1.31768 2.00625 1.30794 1.19993 1.05898 1.22556 0.726628 0.521294 0.47566 0.627337 0.421573 0.516043 0.509715 0.541611 0.474416 0.400103 0.412075 0.396366 0.627634 0.350933 0.345924 0.315523 0.311386 0.303495 0.299633 0.313142 0.850156
threshold=0.0492545688137341 1.91552903054156 0.69334047606781091 0.092066609576143738 -1.7446599627652797 0.94642857142857151 0.040750054943697885 2.1459676124424338 3.0591098480759631 0.0094648886910171769 0.11653730087720766 0.5933034916560469 1.5991667722564407 0.036907383936576589 0.15794313867635359 0.064382480061724992 3.4595306935686136 0.25013036691663665 -0.1786756767336192 0.12500000000000003 0.27398608342317204 0.31466670326292884 3.6102657518901027 2.0756417313774551 -0.11452270462260115 48.412113096812867 -0.055091079750067544 1.5874899363563548 0.98214285714285732 0.51415385463301189
decision_type=2 2 2 2 2 2 2 2 2 2 2 2 2 2 2 2 2 2 2 2 2 2 2 2 2 2 2 2 2 2
left_child=2 3 5 9 -5 20 7 -4 -9 24 -6 12 -7 -3 17 16 -16 22 19 -11 27 25 -15 -21 -2 -22 -24 28 -1 -30
right_child=1 13 6 4 10 11 -8 8 -10 18 -12 -13 -14 14 15 -17 -18 -19 -20 23 21 -23 26 -25 -26 -27 -28 -29 29 -31
leaf_value=0.01726204358079074 0.025077041956170866 0.020522950244008964 0.019240375939562807 0.040850146467239203 0.0308762945313012 0.018634666803773816 0.014296238569915831 0.040032049747556989 0.024375964606553852 0.01941481133186012 0.021924119327793798 0.018140867664141941 0.022169494103286412 0.016551106673170588 0.019379571623330288 0.01335020162016207 0.028381599916843265 0.013106303886114144 0.018608691563244805 0.021984093882129629 0.022325668185532336 0.016568192960811794 0.025918729428924224 0.028603915040430382 0.021745682902968848 0.019003561121182067 0.017208169070329123 0.01814580706448353 0.022031648937297921 0.017412318851472569
leaf_weight=32770 105 106 23 20 20 386 20 25 25 173 87 1914 186 275 55 21 24 92 305 139 89 257 20 23 220 340 20 1036 128 449
leaf_count=32770 105 106 23 20 20 386 20 25 25 173 87 1914 186 275 55 21 24 92 305 139 89 257 20 23 220 340 20 1036 128 449
internal_value=0.017547 0.0201348 0.0174298 0.0215267 0.0263144 0.0174107 0.0251468 0.0281196 0.032204 0.0208966 0.0235974 0.018519 0.0197841 0.0176553 0.0170557 0.0202739 0.0221144 0.016265 0.0199189 0.0211118 0.0173321 0.0185222 0.0171876 0.0229239 0.022822 0.0196928 0.0215634 0.0173084 0.0172824 0.0184371
internal_weight=39353 1705 37648 1092 127 37555 93 73 50 965 107 2486 572 613 507 100 79 407 640 335 35069 686 315 162 325 429 40 34383 33347 577
internal_count=39353 1705 37648 1092 127 37555 93 73 50 965 107 2486 572 613 507 100 79 407 640 335 35069 686 315 162 325 429 40 34383 33347 577
is_linear=0
shrinkage=1


Tree=1
num_leaves=31
num_cat=0
split_feature=9 21 22 9 21 29 29 7 7 3 8 29 3 21 9 19 9 10 26 25 29 11 9 7 27 27 27 9 8 26
split_gain=4.65284 2.33296 1.50082 1.06885 0.901711 0.857584 0.79315 0.546783 0.977124 0.545995 0.525838 1.89341 0.60077 0.519563 0.516766 0.458832 0.442701 0.555748 0.458675 0.442507 0.421243 0.414015 0.45875 0.413797 0.502343 0.42024 0.394884 0.382146 0.356908 0.323206
threshold=0.058778810417347775 1.3750938127284236 -1.8795876731470387 0.044243410151103883 2.7648710044406428 2.0021748591120407 0.8082648690418065 0.040750054943697885 0.037707734577573641 45.807145026991059 0.35824429156139209 1.9532409117741583 54.337427857405423 -2.2273536778915237 0.027409707184410007 0.8392857142857143 0.039769819262392661 0.73214285714285732 2.2878748800027853 -1.2440850812357398 1.0519915851283177 0.12500000000000003 0.068214319812003141 0.042423586206971169 2.6990440949766685 3.6102657518901027 2.9533009983227525 0.015053219896878117 0.26422421162796689 2.9249605008286421
decision_type=2 2 2 2 2 2 2 2 2 2 2 2 2 2 2 2 2 2 2 2 2 2 2 2 2 2 2 2 2 2
left_child=1 3 -2 13 16 9 -5 8 10 -4 12 -12 14 -1 -6 -14 17 20 -18 -7 -3 -21 -23 24 -8 28 -9 -15 -25 -20
right_child=2 4 5 6 7 19 23 26 -10 -11 11 -13 15 27 -16 -17 18 -19 29 21 -22 22 -24 25 -26 -27 -28 -29 -30 -31
leaf_value=-0.002242103894947829 0.016082117278039314 0.0014923266161201358 0.0070432915852928143 0.0045061675090018374 0.012821100643751297 -0.0050010949334440141 0.0020308837677466504 -0.0062278512283228341 0.012373113204094191 0.003102421933003972 0.00086804345442538359 0.020055605266243223 0.0047246584537788301 -0.00039074674507829006 0.0039554940528558711 0.00030550591403205471 0.00074393743620807863 0.00055797089866560284 -0.0058778425750251008 -0.0015879126993779752 0.0043540908159901961 0.0015569187173421614 0.0073743906346898456 0.00055793560735764916 -0.0029295646556930849 0.0052383394183024116 0.0014019458192853712 -5.4409224232794672e-05 -0.0039128310337552047 0.0011335025356278162
leaf_weight=313 26 427 203 178 22 24 488 22 31 155 36 20 80 14571 65 221 111 1459 65 54 184 101 51 80 57 23 74 20089 101 22
leaf_count=313 26 427 203 178 22 24 488 22 31 155 36 20 80 14571 65 221 111 1459 65 54 184 101 51 80 57 23 74 20089 101 22
internal_value=7.8603e-06 -6.0586e-05 0.00432633 -0.000169701 0.00131921 0.00380652 0.00150605 0.00309513 0.00379071 0.00533705 0.00319149 0.00772074 0.00253779 -0.000214119 0.00619737 0.00148003 0.000872094 0.00108814 -0.00138659 0.00142421 0.00235413 0.00217279 0.00350883 0.000793067 0.00151208 -0.00112784 -0.000346549 -0.000195805 -0.0019368 -0.00410486
internal_weight=39353 38739 614 35900 2839 588 927 571 475 358 444 56 388 34973 87 301 2268 2070 198 230 611 206 152 749 545 204 96 34660 181 87
internal_count=39353 38739 614 35900 2839 588 927 571 475 358 444 56 388 34973 87 301 2268 2070 198 230 611 206 152 749 545 204 96 34660 181 87
is_linear=0
shrinkage=0.05


end of trees

feature_importances:
VOLATILITY_20=6
HIGH_LOW_RATIO=6
MOMO_60=5
ATR_20_NORM_zscore=5
VOLATILITY_20_zscore=5
HIGH_LOW_RATIO_zscore=4
RSI_14=3
MOMO_60_rank=3
MOMO_60_zscore=3
BB_WIDTH_zscore=3
MOMO_20=2
MOM_RATIO=2
BB_POS=2
ATR_20_NORM=2
BB_WIDTH=2
HIGH_LOW_RATIO_rank=2
MOMO_20_zscore=2
MOMO_20_rank=1
MOM_RATIO_zscore=1
VOL_MA_RATIO_zscore=1

parameters:
[boosting: gbdt]
[objective: regression]
[metric: rmse,l1]
[tree_learner: serial]
[device_type: cpu]
[data_sample_strategy: bagging]
[data: ]
[valid: ]
[num_iterations: 3000]
[learning_rate: 0.05]
[num_leaves: 31]
[num_threads: 0]
[seed: 42]
[deterministic: 0]
[force_col_wise: 0]
[force_row_wise: 1]
[histogram_pool_size: -1]
[max_depth: -1]
[min_data_in_leaf: 20]
[min_sum_hessian_in_leaf: 0.001]
[bagging_fraction: 0.8]
[pos_bagging_fraction: 1]
[neg_bagging_fraction: 1]
[bagging_freq: 5]
[bagging_seed: 400]
[bagging_by_query: 0]
[feature_fraction: 0.8]
[feature_fraction_bynode: 1]
[feature_fraction_seed: 30056]
[extra_trees: 0]
[extra_seed: 12879]
[early_stopping_round: 0]
[early_stopping_min_delta: 0]
[first_metric_only: 0]
[max_delta_step: 0]
[lambda_l1: 0]
[lambda_l2: 0]
[linear_lambda: 0]
[min_gain_to_split: 0]
[drop_rate: 0.1]
[max_drop: 50]
[skip_drop: 0.5]
[xgboost_dart_mode: 0]
[uniform_drop: 0]
[drop_seed: 17869]
[top_rate: 0.2]
[other_rate: 0.1]
[min_data_per_group: 100]
[max_cat_threshold: 32]
[cat_l2: 10]
[cat_smooth: 10]
[max_cat_to_onehot: 4]
[top_k: 20]
[monotone_constraints: ]
[monotone_constraints_method: basic]
[monotone_penalty: 0]
[feature_contri: ]
[forcedsplits_filename: ]
[refit_decay_rate: 0.9]
[cegb_tradeoff: 1]
[cegb_penalty_split: 0]
[cegb_penalty_feature_lazy: ]
[cegb_penalty_feature_coupled: ]
[path_smooth: 0]
[interaction_constraints: ]
[verbosity: -1]
[saved_feature_importance_type: 0]
[use_quantized_grad: 0]
[num_grad_quant_bins: 4]
[quant_train_renew_leaf: 0]
[stochastic_rounding: 1]
[linear_tree: 0]
[max_bin: 255]
[max_bin_by_feature: ]
[min_data_in_bin: 3]
[bin_construct_sample_cnt: 200000]
[data_random_seed: 175]
[is_enable_sparse: 1]
[enable_bundle: 1]
[use_missing: 1]
[zero_as_missing: 0]
[feature_pre_filter: 1]
[pre_partition: 0]
[two_round: 0]
[header: 0]
[label_column: ]
[weight_column: ]
[group_column: ]
[ignore_column: ]
[categorical_feature: ]
[forcedbins_filename: ]
[precise_float_parser: 0]
[parser_config_file: ]
[objective_seed: 16083]
[num_class: 1]
[is_unbalance: 0]
[scale_pos_weight: 1]
[sigmoid: 1]
[boost_from_average: 1]
[reg_sqrt: 0]
[alpha: 0.9]
[fair_c: 1]
[poisson_max_delta_step: 0.7]
[tweedie_variance_power: 1.5]
[lambdarank_truncation_level: 30]
[lambdarank_norm: 1]
[label_gain: ]
[lambdarank_position_bias_regularization: 0]
[eval_at: ]
[multi_error_top_k: 1]
[auc_mu_weights: ]
[num_machines: 1]
[local_listen_port: 12400]
[time_out: 120]
[machine_list_filename: ]
[machines: ]
[gpu_platform_id: -1]
[gpu_device_id: -1]
[gpu_use_dp: 0]
[num_gpu: 1]

end of parameters

pandas_categorical:null
